1 0,000200 0,000000
2 0,000000 0,000000
3 0,002200 0,001600
4 0,024800 0,013200
5 0,010600 0,020200
6 0,011800 0,021200
7 0,012200 0,019600
8 0,022000 0,032200
9 0,022600 0,039800
10 0,022600 0,042400
11 0,032400 0,059800
12 0,037000 0,063000
13 0,047800 0,087600
14 0,049800 0,093200
15 0,068000 0,114200
16 0,088200 0,112400
17 0,096800 0,132400
18 0,114600 0,163000
19 0,141200 0,188400
20 0,162200 0,240600
21 0,204400 0,253400
22 0,259400 0,313400
23 0,352800 0,480000
24 0,301600 0,271800
25 0,374400 0,344200
26 0,488000 0,457600
27 0,450400 0,402800
28 0,455000 0,456800
29 0,514400 0,420400
30 0,768400 0,600000
31 0,676200 0,488000
32 0,704600 0,500000
33 0,749200 0,557800
34 0,815600 0,531800
35 0,965600 0,574000
36 1,042800 0,621200
37 1,234600 0,840800
38 1,752600 1,076200
39 1,378200 0,806400
40 1,422400 0,730800
41 1,629200 0,886200
42 1,728800 0,963800
43 1,903000 1,028000
44 1,996600 1,025800
45 2,079600 1,098000
46 2,848800 1,287200
47 2,387400 0,930200
48 2,512600 1,066800
49 2,707200 1,206600
50 2,908000 1,167000
51 3,446000 1,368400
52 2,989200 1,315400
53 3,582800 1,336800
54 3,312600 1,388000
55 4,109200 1,450600
56 3,995600 1,389000
57 4,121800 1,615200
58 4,432600 1,445800
59 4,858000 1,591400
60 4,939800 1,517400
