1 0,000600 0,000600
2 0,000400 0,000400
3 0,000400 0,002000
4 0,028600 0,011400
5 0,011400 0,013000
6 0,011800 0,018000
7 0,009200 0,018400
8 0,020200 0,032600
9 0,021200 0,034400
10 0,020400 0,033400
11 0,028200 0,047200
12 0,047800 0,052200
13 0,044400 0,061800
14 0,051200 0,066400
15 0,067000 0,076800
16 0,089600 0,078600
17 0,118800 0,106000
18 0,124800 0,123400
19 0,148600 0,144000
20 0,170000 0,137000
21 0,207400 0,202400
22 0,218200 0,194000
23 0,254800 0,207600
24 0,331000 0,242600
25 0,414400 0,248200
26 0,404600 0,271600
27 0,412800 0,250800
28 0,467400 0,261000
29 0,499600 0,263600
30 0,632400 0,311000
31 0,642200 0,301800
32 0,728400 0,366600
33 0,800800 0,260600
34 0,881400 0,311200
35 0,891000 0,387000
36 0,970000 0,359000
37 1,117600 0,484600
38 1,203800 0,506000
39 1,361400 0,438400
40 1,323400 0,411600
41 1,454000 0,574400
42 1,661600 0,473000
43 1,695800 0,534800
44 1,985000 0,503600
45 2,127600 0,551400
46 2,306600 0,598800
47 2,174000 0,555600
48 2,501800 0,707600
49 2,820600 0,720000
50 3,122200 0,737800
51 2,992800 0,676600
52 3,034200 0,747000
53 3,296800 0,744800
54 3,527200 0,794400
55 4,051800 0,920200
56 4,349600 0,788000
57 4,286400 0,882000
58 4,761800 0,847000
59 4,586800 0,834800
60 4,744200 0,867000
61 5,229400 0,820600
62 5,254000 0,858000
63 6,093200 1,009800
64 5,941200 1,048000
65 6,463000 0,953200
66 6,508800 1,027600
67 6,810800 1,269400
68 7,587200 1,068800
69 7,832200 1,189600
70 9,422200 1,181600
71 7,964600 1,245000
72 8,571200 1,268600
73 9,278000 1,137400
74 9,067200 1,201200
75 9,946800 1,074600
76 11,257400 1,327200
77 10,448400 1,320800
78 11,623600 1,341200
79 11,641000 1,334200
80 11,898000 1,353000
81 13,034800 1,272000
82 13,442800 1,516800
83 13,662400 1,508600
84 12,830200 1,623000
85 15,376200 1,453400
86 16,071200 1,384200
87 14,631000 1,423000
88 18,137400 1,456600
89 16,856600 1,363000
90 16,962800 1,537600
91 17,893000 1,546400
92 19,506800 1,873200
93 18,229600 1,470600
94 18,369600 1,645000
95 19,846600 1,699800
96 21,014000 1,632800
97 20,739400 1,726400
98 19,925600 1,750800
99 24,350600 1,803400
100 23,403400 1,713800
